1,50,5.83449384689331
1,100,3.9749390864372254
1,150,4.245890860557556
1,200,3.794937405586243
1,250,4.411015727519989
1,300,4.426317851543427
1,350,3.826217255592346
1,400,4.037494268417358
1,450,4.206888885498047
1,500,4.101935381889343
1,550,4.050538959503174
1,600,3.88635630607605
1,650,4.385599899291992
1,700,4.012071347236633
1,750,4.2492994737625125
1,800,3.9792794466018675
1,850,4.339936590194702
1,900,4.0614374732971195
1,950,4.28677472114563
1,1000,4.4787042164802555
1,1050,4.223571846485138
1,1100,4.087896435260773
1,1150,3.948183369636536
1,1200,4.267847599983216
1,1250,4.007307434082032
1,1300,4.112628865242004
1,1350,3.9539284896850586
1,1400,4.070555508136749
1,1450,3.895026683807373
1,1500,4.047206661701202
1,1550,3.6998110723495485
1,1600,4.541045408248902
1,1650,4.051171407699585
1,1700,3.7044832205772398
1,1750,4.171129097938538
1,1800,3.6815356111526487
1,1850,3.7633662581443788
1,1900,4.141658773422241
1,1950,3.916786756515503
1,2000,4.064490640163422
1,2050,4.015219135284424
1,2100,4.159026942253113
1,2150,3.8301710295677185
1,2200,4.278671975135803
1,2250,4.0432134127616886
1,2300,4.293544745445251
1,2350,3.784674961566925
1,2400,4.394422287940979
1,2450,4.04110821723938
1,2500,4.177806463241577
1,2550,4.230234897136688
1,2600,4.347553815841675
1,2650,3.9765677666664123
1,2700,4.4526645278930665
1,2750,4.287418794631958
1,2800,4.401054186820984
1,2850,3.9657627892494203
1,2900,4.195437650680542
1,2950,4.078655488491059
1,3000,4.081394486427307
1,3050,3.7643542528152465
1,3100,3.5769809532165526
1,3150,4.088290085792542
1,3200,4.01740288734436
1,3250,3.8478771018981934
2,50,4.282434282302856
2,100,3.84237762928009
2,150,4.22527681350708
2,200,3.4931123948097227
2,250,3.981968626976013
2,300,3.7291224813461303
2,350,4.241660943031311
2,400,4.139329371452331
2,450,3.8501444816589356
2,500,4.258168597221374
2,550,4.05301450252533
2,600,3.6945351696014406
2,650,3.749546616077423
2,700,3.808436942100525
2,750,4.322868580818176
2,800,4.2509875702857975
2,850,4.348304054737091
2,900,4.094863913059235
2,950,3.6525544261932374
2,1000,3.9669742488861086
2,1050,3.845209627151489
2,1100,3.8970678210258485
2,1150,4.151776552200317
2,1200,4.048544425964355
2,1250,3.8443198204040527
2,1300,3.816359906196594
2,1350,4.204669063091278
2,1400,3.96262811422348
2,1450,3.7520882511138915
2,1500,3.910326671600342
2,1550,3.920209219455719
2,1600,3.9480852556228636
2,1650,3.9386164236068724
2,1700,3.7083659267425535
2,1750,3.741198477745056
2,1800,3.6370637798309327
2,1850,3.929190311431885
2,1900,4.278466386795044
2,1950,4.091405789852143
2,2000,3.8211324763298036
2,2050,3.8606194257736206
2,2100,3.7433095836639403
2,2150,4.099172940254212
2,2200,4.2084763240814205
2,2250,4.054593737125397
2,2300,4.052214479446411
2,2350,3.6274545335769655
2,2400,3.878779401779175
2,2450,3.901415958404541
2,2500,3.7929165673255922
2,2550,3.874669461250305
2,2600,3.838414092063904
2,2650,4.136960515975952
2,2700,3.531408245563507
2,2750,3.936005883216858
2,2800,4.041052780151367
2,2850,3.9077488207817077
2,2900,4.098691062927246
2,2950,3.6590759229660033
2,3000,4.053646821975708
2,3050,3.5617721343040465
2,3100,3.800876746177673
2,3150,3.9963443970680235
2,3200,3.784221019744873
2,3250,4.154388818740845
3,50,3.711139659881592
3,100,3.5309411096572876
3,150,4.370660088062286
3,200,3.7461488819122315
3,250,4.0873741221427915
3,300,3.9310649180412294
3,350,3.857691185474396
3,400,3.732126615047455
3,450,3.8342092180252076
3,500,3.8516654920578004
3,550,4.16269205570221
3,600,4.131085634231567
3,650,3.338601088523865
3,700,3.567906198501587
3,750,3.8032672929763796
3,800,4.068507146835327
3,850,4.147679944038391
3,900,4.017295522689819
3,950,3.8075288772583007
3,1000,4.200761613845825
3,1050,3.711110532283783
3,1100,3.9959652709960936
3,1150,3.7906435251235964
3,1200,4.054170088768005
3,1250,3.9618296146392824
3,1300,3.552100374698639
3,1350,3.8892938137054442
3,1400,3.5164773082733154
3,1450,4.0003582239151
3,1500,4.029703111648559
3,1550,3.9941864681243895
3,1600,3.686048672199249
3,1650,3.943983545303345
3,1700,3.7548762941360474
3,1750,3.6808577227592467
3,1800,4.076151361465454
3,1850,3.92040189743042
3,1900,3.8661684513092043
3,1950,3.6365074801445005
3,2000,3.9763905096054075
3,2050,3.7990877056121826
3,2100,3.792425580024719
3,2150,3.5696500372886657
3,2200,4.033454089164734
3,2250,3.991633720397949
3,2300,3.861833906173706
3,2350,3.8642326688766477
3,2400,3.946258189678192
3,2450,3.7342594408988954
3,2500,3.9083588552474975
3,2550,4.037300095558167
3,2600,3.824218473434448
3,2650,3.766612856388092
3,2700,4.066461653709411
3,2750,3.5810256028175353
3,2800,3.7510578727722166
3,2850,3.718016676902771
3,2900,4.308532085418701
3,2950,4.084453468322754
3,3000,3.77770015001297
3,3050,4.030565836429596
3,3100,4.026488778591156
3,3150,4.056735029220581
3,3200,3.731255598068237
3,3250,4.180988507270813
4,50,3.9204001426696777
4,100,3.7579570388793946
4,150,4.12089827299118
4,200,3.902046341896057
4,250,3.707302227020264
4,300,4.026014094352722
4,350,3.9533914875984193
4,400,4.155223569869995
4,450,3.7330614519119263
4,500,3.9714611053466795
4,550,4.048441081047058
4,600,4.019976634979248
4,650,4.104879050254822
4,700,3.800155861377716
4,750,3.9338896536827086
4,800,3.603754496574402
4,850,3.723079957962036
4,900,3.4326128649711607
4,950,3.809719524383545
4,1000,4.083535847663879
4,1050,3.5462739777565004
4,1100,4.016141839027405
4,1150,3.884374151229858
4,1200,3.3582768774032594
4,1250,3.7795077419281005
4,1300,3.8607570362091064
4,1350,3.6330542373657226
4,1400,3.588281831741333
4,1450,3.506378057003021
4,1500,3.7042936873435974
4,1550,3.833304042816162
4,1600,3.4846563053131105
4,1650,3.6678508257865907
4,1700,4.196832537651062
4,1750,4.264166917800903
4,1800,4.072371048927307
4,1850,4.18485650062561
4,1900,4.044811186790466
4,1950,3.987023015022278
4,2000,3.9638903760910034
4,2050,3.551267409324646
4,2100,3.42688898563385
4,2150,3.5741625022888184
4,2200,4.099443998336792
4,2250,3.8223445057868957
4,2300,3.6474695134162904
4,2350,3.705110785961151
4,2400,4.314565987586975
4,2450,3.770265374183655
4,2500,3.791569457054138
4,2550,3.6682387304306032
4,2600,4.190572946071625
4,2650,4.045645084381103
4,2700,3.74654335975647
4,2750,3.986992359161377
4,2800,3.9493579339981078
4,2850,4.282514400482178
4,2900,3.8571719193458556
4,2950,4.289990601539611
4,3000,3.7638991260528565
4,3050,3.56099173784256
4,3100,4.363263764381409
4,3150,3.5854450392723085
4,3200,3.7258135509490966
4,3250,3.5794215631484985
5,50,3.8860719323158266
5,100,3.5538629961013792
5,150,3.4230118584632874
5,200,3.3190625357627868
5,250,3.705256214141846
5,300,3.7462483739852903
5,350,3.704030146598816
5,400,3.9522395396232604
5,450,4.0421119928359985
5,500,3.995464129447937
5,550,3.82600132226944
5,600,3.5180687522888183
5,650,3.901371693611145
5,700,4.123301343917847
5,750,3.6052416372299194
5,800,3.6795888996124266
5,850,3.73824010848999
5,900,3.810149953365326
5,950,4.090464248657226
5,1000,3.778701481819153
5,1050,4.04220046043396
5,1100,3.8993853735923767
5,1150,3.9086692094802857
5,1200,3.7928901433944704
5,1250,3.7071883845329285
5,1300,3.811889953613281
5,1350,3.647101800441742
5,1400,3.4131106185913085
5,1450,4.608684687614441
5,1500,3.7898692893981933
5,1550,3.82625750541687
5,1600,3.959851794242859
5,1650,3.73875837802887
5,1700,3.7111785984039307
5,1750,3.9864860248565672
5,1800,3.6530361127853395
5,1850,3.7570983171463013
5,1900,4.038609063625335
5,1950,3.8747197461128233
5,2000,3.977670388221741
5,2050,3.386242995262146
5,2100,3.635673267841339
5,2150,3.8163322901725767
5,2200,3.6511036777496337
5,2250,4.045945358276367
5,2300,3.695749514102936
5,2350,3.6831489253044127
5,2400,3.966707482337952
5,2450,3.8986084771156313
5,2500,3.800326557159424
5,2550,3.7141055059432984
5,2600,3.4408877539634704
5,2650,3.9535875582695006
5,2700,3.5235056400299074
5,2750,4.0040809917449955
5,2800,3.785870900154114
5,2850,3.921324996948242
5,2900,3.7685928964614868
5,2950,3.449468050003052
5,3000,3.540330092906952
5,3050,3.6663864254951477
5,3100,3.7861753058433534
5,3150,3.6727112221717833
5,3200,3.925355763435364
5,3250,3.7109846091270446
