1,50,3.288543963432312
1,100,3.489361517429352
1,150,3.6347684979438784
1,200,3.0077879786491395
1,250,3.3850734210014344
1,300,3.2858165955543517
1,350,3.2102560925483705
1,400,2.9373915004730224
1,450,2.999050359725952
1,500,3.313002398014069
1,550,2.758801369667053
1,600,3.0820032858848574
1,650,3.177829236984253
1,700,2.893263428211212
1,750,3.0576082682609558
1,800,2.874075140953064
1,850,3.4358745193481446
1,900,3.4091765594482424
1,950,3.251255362033844
1,1000,3.284482810497284
1,1050,3.5428558444976805
1,1100,3.3839732789993286
1,1150,3.58245094537735
1,1200,2.949700424671173
1,1250,3.2093254280090333
1,1300,3.4986363554000857
1,1350,3.200168766975403
1,1400,2.910641777515411
1,1450,2.9311562633514403
1,1500,3.244175660610199
1,1550,3.1870771551132204
1,1600,3.3453613114356995
1,1650,2.84980345249176
1,1700,3.402190182209015
1,1750,3.269534935951233
1,1800,3.235593659877777
1,1850,3.159137568473816
1,1900,3.3870739245414736
1,1950,3.316270635128021
1,2000,3.132044885158539
1,2050,3.1854633831977845
1,2100,3.5341656732559206
1,2150,3.308659019470215
1,2200,3.2756361103057863
1,2250,3.3974133110046387
1,2300,2.985420904159546
1,2350,3.1742534923553465
1,2400,3.2610813975334167
1,2450,3.449331290721893
1,2500,3.155315463542938
1,2550,3.2541769337654114
1,2600,3.165911622047424
1,2650,3.418851273059845
1,2700,3.2594550704956053
1,2750,3.470690805912018
1,2800,2.988908579349518
1,2850,3.0177852725982666
1,2900,3.3928960728645325
1,2950,3.0549713730812074
1,3000,3.1368872499465943
1,3050,3.4431343030929566
1,3100,3.4355760979652405
1,3150,3.3155466532707214
1,3200,3.307034842967987
1,3250,3.0511655616760254
2,50,2.7399451780319213
2,100,2.4202498173713685
2,150,2.244288182258606
2,200,2.3784872555732726
2,250,2.2955826807022093
2,300,2.3652044200897215
