1,50,16.560912752151488
1,100,10.995017929077148
1,150,10.598299508094788
1,200,8.536525626182556
1,250,6.810181839466095
1,300,4.486721606254577
1,350,4.808941669464112
1,400,4.66026734828949
1,450,4.635567526817322
1,500,4.488082041740418
1,550,4.182129945755005
1,600,4.209485213756562
1,650,4.099301953315734
1,700,4.196144108772278
1,750,4.615492463111877
1,800,4.336829161643982
1,850,4.625349230766297
1,900,4.00539689540863
1,950,4.015670948028564
1,1000,4.159153165817261
1,1050,4.179862842559815
1,1100,4.343767614364624
1,1150,4.392340617179871
1,1200,3.744059796333313
1,1250,3.8650594997406005
1,1300,4.0274776220321655
1,1350,4.286884646415711
1,1400,4.174900298118591
1,1450,3.6764755964279177
1,1500,3.819080798625946
1,1550,4.471374237537384
1,1600,4.296137356758118
1,1650,3.7224739360809327
1,1700,4.010082926750183
1,1750,4.326355593204498
1,1800,4.00367137670517
1,1850,4.0770667552947994
1,1900,3.913872973918915
1,1950,3.795452666282654
1,2000,4.413087127208709
1,2050,4.085346384048462
1,2100,4.171527280807495
1,2150,4.6303057193756105
1,2200,4.167683668136597
1,2250,3.8367846703529356
1,2300,3.9035501956939695
1,2350,3.8181502389907838
1,2400,4.080048451423645
1,2450,4.386388370990753
1,2500,4.267336235046387
1,2550,3.9832019090652464
1,2600,4.303817276954651
1,2650,3.937887544631958
1,2700,4.102940649986267
1,2750,4.319980554580688
1,2800,3.986766495704651
1,2850,3.9686010575294492
1,2900,4.084683911800385
1,2950,3.9578721952438354
1,3000,4.521438436508179
1,3050,3.8324633407592774
1,3100,3.9116258335113527
1,3150,4.296284523010254
1,3200,3.8884667277336122
1,3250,3.9351225471496583
2,50,4.203874750137329
2,100,3.7720188212394716
2,150,3.67823516368866
2,200,4.204583005905151
2,250,4.111174697875977
2,300,3.78305903673172
2,350,4.062844939231873
2,400,4.211088511943817
2,450,3.6188525438308714
2,500,3.321687023639679
2,550,3.8435173511505125
2,600,4.197385530471802
2,650,4.233984503746033
2,700,3.815818741321564
2,750,3.838850259780884
2,800,3.9092238616943358
2,850,4.169540908336639
2,900,3.7943738174438475
2,950,4.275496625900269
2,1000,3.755066680908203
2,1050,3.497576661109924
2,1100,4.426140606403351
2,1150,3.925505931377411
2,1200,4.342151286602021
2,1250,4.284719920158386
2,1300,3.944382739067078
2,1350,3.974400029182434
2,1400,3.8342026615142824
2,1450,4.218953800201416
2,1500,4.049411053657532
2,1550,4.003712215423584
2,1600,4.409148404598236
2,1650,4.019514403343201
2,1700,3.762457556724548
2,1750,4.049617824554443
2,1800,3.985531930923462
2,1850,4.09146297454834
2,1900,3.689331932067871
2,1950,3.758538269996643
2,2000,3.7069463872909547
2,2050,4.348113136291504
2,2100,4.137602891921997
2,2150,3.5809819984436033
2,2200,3.8451667189598084
2,2250,4.077949182987213
2,2300,3.7963957500457766
2,2350,4.161602833271027
2,2400,3.7803365325927736
2,2450,4.03542356967926
2,2500,3.786404650211334
2,2550,4.149631500244141
2,2600,4.265994458198548
2,2650,3.728795132637024
2,2700,4.16632972240448
2,2750,4.128318433761597
2,2800,3.7372611808776854
2,2850,3.7876497220993044
2,2900,4.031500682830811
2,2950,3.6735753631591797
2,3000,3.6601303458213805
2,3050,3.8764699363708495
2,3100,3.5761359238624575
2,3150,3.444430134296417
2,3200,4.002301201820374
2,3250,3.8764221048355103
3,50,3.850413565635681
3,100,3.7386860942840574
3,150,3.8293458724021914
3,200,3.6484811329841613
3,250,3.38423357963562
3,300,3.648796253204346
3,350,3.548344495296478
3,400,3.581612901687622
3,450,3.6534619307518006
3,500,3.8067091298103333
3,550,3.4984207463264467
3,600,3.6613808774948122
3,650,3.664297733306885
3,700,3.715598475933075
3,750,3.0176020646095276
3,800,4.154551148414612
3,850,3.666267066001892
3,900,3.5822880935668944
3,950,3.5323912620544435
3,1000,3.5045018434524535
3,1050,3.7738888120651244
3,1100,3.8315598726272584
3,1150,3.876549551486969
3,1200,4.02288596868515
3,1250,3.912067813873291
3,1300,3.692057764530182
3,1350,3.804018898010254
3,1400,3.4882056188583372
3,1450,4.231538639068604
3,1500,4.080561203956604
3,1550,3.592494158744812
3,1600,3.5748796129226683
3,1650,3.4289157295227053
3,1700,3.706241374015808
3,1750,3.7099455547332765
3,1800,3.850550899505615
3,1850,3.3568128514289857
3,1900,3.645311939716339
3,1950,3.517922034263611
3,2000,3.665243375301361
3,2050,3.7614309787750244
3,2100,3.7830245447158815
3,2150,3.6392679381370545
3,2200,3.80237939119339
3,2250,3.6838128471374514
3,2300,3.851527237892151
3,2350,4.1349594068527225
3,2400,3.605445408821106
3,2450,3.663731966018677
3,2500,3.8081618428230284
3,2550,4.032672641277313
3,2600,4.042839493751526
3,2650,3.6109586572647094
3,2700,3.440340347290039
3,2750,3.2378322768211363
3,2800,3.8813452172279357
3,2850,4.026183893680573
3,2900,3.7416627526283266
3,2950,3.9777131700515747
3,3000,3.822225818634033
3,3050,4.042632541656494
3,3100,3.7446995329856874
3,3150,3.609027466773987
3,3200,3.4767425584793092
3,3250,3.559398741722107
4,50,3.393401713371277
4,100,3.1554910850524904
4,150,3.074528303146362
4,200,3.033649468421936
4,250,3.0647265982627867
4,300,3.1239660477638242
4,350,2.980557518005371
4,400,3.2120604133605957
4,450,3.106637568473816
4,500,3.2753918313980104
4,550,2.902295470237732
4,600,3.105404770374298
4,650,3.1507595944404603
4,700,2.978437371253967
4,750,2.868866415023804
4,800,3.08553626537323
4,850,3.34066223859787
4,900,3.2871984004974366
4,950,3.323851532936096
4,1000,3.0227090311050415
4,1050,3.377667031288147
4,1100,3.1633737301826477
4,1150,3.254894256591797
4,1200,3.372575488090515
4,1250,3.4100204515457153
4,1300,3.224770052433014
4,1350,3.377473361492157
4,1400,3.3381879258155824
4,1450,3.153691618442535
4,1500,2.994387331008911
4,1550,3.2489743995666505
4,1600,3.188093662261963
4,1650,3.155396246910095
4,1700,3.3894110131263733
4,1750,3.311306052207947
4,1800,3.2283625745773317
4,1850,3.29932834148407
4,1900,3.060394651889801
4,1950,3.161978678703308
4,2000,3.3010140681266784
4,2050,3.6385097455978395
4,2100,3.5170608234405516
4,2150,3.427996482849121
4,2200,3.515012288093567
4,2250,3.3365870213508604
4,2300,3.1816369891166687
4,2350,3.3027601432800293
4,2400,3.2864384555816653
4,2450,3.4650108861923217
4,2500,3.3431595826148985
4,2550,3.640990958213806
4,2600,3.5706528520584104
4,2650,3.255961766242981
4,2700,3.469232361316681
4,2750,3.3982338523864746
4,2800,3.198640639781952
4,2850,3.5788871836662293
4,2900,3.475860209465027
4,2950,3.28450767993927
4,3000,3.598420557975769
4,3050,3.714307222366333
4,3100,3.5726507186889647
4,3150,3.45426059961319
4,3200,3.151726336479187
4,3250,3.5812891864776613
5,50,2.6748433780670164
5,100,2.660843586921692
5,150,2.632460494041443
5,200,2.5711172246932983
5,250,2.507134118080139
5,300,2.6817112445831297
5,350,2.6174923968315125
5,400,2.5742788314819336
5,450,2.653919315338135
5,500,2.622362642288208
5,550,2.603677170276642
5,600,2.5043864846229553
5,650,2.6407604598999024
5,700,2.5062632727622987
5,750,2.7225514960289003
5,800,2.7014172649383545
5,850,2.6070411658287047
5,900,2.8009522986412048
5,950,2.7063707089424134
5,1000,2.6769067358970644
5,1050,2.725654890537262
5,1100,2.54383553981781
5,1150,2.731102786064148
5,1200,2.741980929374695
5,1250,2.644001703262329
5,1300,2.8063868045806886
5,1350,2.790968005657196
5,1400,2.756201510429382
5,1450,2.731312437057495
5,1500,2.70738329410553
5,1550,2.7798580026626585
5,1600,2.745532944202423
5,1650,2.6505936646461485
5,1700,2.8582374477386474
5,1750,2.6613302516937254
5,1800,2.6703279280662535
5,1850,2.9133727669715883
5,1900,2.8464537048339844
5,1950,2.7336777663230896
5,2000,2.6205586075782774
5,2050,2.6382948350906372
5,2100,2.758541362285614
5,2150,2.834381115436554
5,2200,2.9342410516738893
5,2250,2.7891637015342714
5,2300,2.7136808753013613
5,2350,2.7010284757614134
5,2400,2.8786357045173645
5,2450,2.697472860813141
5,2500,2.9905272054672243
5,2550,2.837366797924042
5,2600,2.8649710249900817
5,2650,2.866857182979584
5,2700,2.9796261024475097
5,2750,2.980540249347687
5,2800,2.848389892578125
5,2850,2.8854829764366148
5,2900,3.037076930999756
5,2950,2.9390053081512453
5,3000,2.9670988631248476
5,3050,2.8727074003219606
5,3100,2.7391960525512697
5,3150,3.069999575614929
5,3200,2.8695604681968687
5,3250,3.0036793112754823
