1,50,5.45586733341217
1,100,7.723524875640869
1,150,4.214160175323486
1,200,4.138043720722198
1,250,5.262653026580811
1,300,4.205392379760742
2,50,4.296679887771607
2,100,4.552308111190796
2,150,3.522388806343079
2,200,3.7089592838287353
2,250,4.111330409049987
2,300,3.838987922668457
3,50,4.542898454666138
3,100,3.5581014513969422
3,150,3.7532727003097532
3,200,3.9829428577423096
3,250,3.797857723236084
3,300,4.052892110347748
4,50,4.522775263786316
4,100,3.9901699018478394
4,150,3.731045198440552
4,200,4.147639179229737
4,250,3.7320098209381105
4,300,3.757724826335907
5,50,4.517795271873474
5,100,4.162532467842102
5,150,3.8923016953468323
5,200,3.7288421392440796
5,250,3.9649275064468386
5,300,3.8713769125938415
6,50,4.223576407432557
6,100,3.7172937893867495
6,150,4.049892926216126
6,200,3.6430912685394286
6,250,3.7953031873703003
6,300,4.3398813843727115
7,50,3.8937973880767824
7,100,3.7066025161743164
7,150,3.688365688323975
7,200,4.1387464141845705
7,250,4.5819531297683715
7,300,3.832830903530121
8,50,4.322746963500976
8,100,3.9791657018661497
8,150,3.777129578590393
8,200,3.597792935371399
8,250,4.043043375015259
8,300,3.8931025791168214
9,50,3.921575598716736
9,100,3.863506054878235
9,150,4.337060203552246
