1,50,13.552938027381897
1,100,14.103385481834412
1,150,6.542643809318543
1,200,4.869209017753601
1,250,5.6424255323410035
1,300,5.2183813381195066
1,350,4.950389609336853
1,400,5.1457497215271
1,450,4.363066246509552
1,500,5.353851251602173
1,550,4.919510722160339
1,600,5.077930200099945
1,650,5.102676830291748
1,700,5.311974701881408
1,750,4.865862011909485
1,800,4.652549395561218
1,850,4.751243138313294
1,900,5.9441051054000855
1,950,4.93832423210144
1,1000,4.778593726158142
1,1050,4.085202739238739
1,1100,5.415298943519592
1,1150,4.179408690929413
1,1200,4.878916521072387
1,1250,4.380605397224426
1,1300,4.793512215614319
1,1350,5.1194103860855105
1,1400,4.298802213668823
1,1450,4.2714594864845274
1,1500,4.852112045288086
1,1550,5.0128921699523925
1,1600,4.444472627639771
1,1650,5.195411448478699
1,1700,5.093898978233337
1,1750,5.074914150238037
1,1800,5.0548495674133305
1,1850,4.809330434799194
1,1900,4.223192729949951
1,1950,4.517681369781494
1,2000,4.5347760701179505
1,2050,4.315581855773925
1,2100,4.886236667633057
1,2150,5.106983995437622
1,2200,4.655672879219055
1,2250,4.850687775611878
1,2300,4.7816756772995
1,2350,4.415953907966614
1,2400,4.708737707138061
1,2450,4.171468322277069
1,2500,4.043760142326355
1,2550,3.903652172088623
1,2600,4.752189743518829
1,2650,4.7784104871749875
1,2700,4.302675967216492
2,50,4.651110494136811
2,100,4.520671896934509
2,150,5.1761191463470455
2,200,5.057290048599243
2,250,4.400029397010803
2,300,4.578941349983215
2,350,4.390947308540344
2,400,4.528435516357422
2,450,4.69340407371521
2,500,4.356583361625671
2,550,4.557282643318176
2,600,4.435158152580261
2,650,4.86454487323761
2,700,4.403709712028504
2,750,3.8482327270507812
2,800,4.297541909217834
2,850,4.616268982887268
2,900,4.126359293460846
2,950,4.866016407012939
2,1000,5.003114018440247
2,1050,4.2961614489555355
2,1100,4.068587830066681
2,1150,4.513402533531189
2,1200,4.513237538337708
2,1250,4.174046189785003
2,1300,4.087343392372131
2,1350,4.359150795936585
2,1400,4.311436731815338
2,1450,5.023536262512207
2,1500,4.557818295955658
2,1550,4.709465284347534
2,1600,4.578656578063965
2,1650,4.4839665842056275
2,1700,4.460980017185211
2,1750,4.359096484184265
2,1800,5.701640706062317
2,1850,4.673824784755706
2,1900,4.197629113197326
2,1950,4.529112193584442
2,2000,4.64294819355011
2,2050,4.6688708353042605
2,2100,5.21242615699768
2,2150,5.069241719245911
2,2200,4.223958079814911
2,2250,5.014131121635437
2,2300,4.280512852668762
2,2350,4.412488975524902
2,2400,4.14842924118042
2,2450,4.35111786365509
2,2500,4.963547449111939
2,2550,4.678854739665985
2,2600,4.999569373130798
2,2650,4.817751593589783
2,2700,4.3355155324935915
3,50,5.136518697738648
3,100,4.411426682472229
3,150,4.6421837854385375
3,200,4.044553208351135
3,250,4.552703890800476
3,300,4.710338408946991
3,350,4.500652801990509
3,400,4.814576959609985
3,450,4.496096971035004
3,500,4.2690759992599485
3,550,4.70048342704773
3,600,4.329641885757447
3,650,4.192729632854462
3,700,4.42279854297638
3,750,4.125089633464813
3,800,4.548031239509583
3,850,5.092960195541382
3,900,5.129430918693543
3,950,4.372498679161072
3,1000,4.258697052001953
3,1050,4.262313668727875
3,1100,4.521484017372131
3,1150,4.343434624671936
3,1200,4.720921766757965
