1,50,37.126253814697264
1,100,36.07694801330567
1,150,36.067282333374024
1,200,36.09434944152832
1,250,36.08345420837402
1,300,36.08907676696777
1,50,35.93181510925293
1,100,34.7120475769043
1,150,34.71401741027832
1,200,34.71683113098145
1,250,34.71457992553711
1,300,34.72020744323731
1,350,34.710078201293946
1,400,34.71683097839355
1,450,34.727241134643556
1,500,34.71654991149902
1,550,34.71598648071289
1,600,34.71598693847656
1,650,34.71486129760742
1,700,34.71458000183105
1,750,34.71598686218262
1,800,34.71035903930664
1,850,34.71654991149902
1,900,34.714861755371096
1,950,34.711485137939455
1,1000,34.71542427062988
1,1050,34.71683120727539
1,1100,34.720489044189456
1,1150,34.714580078125
1,1200,34.71823760986328
1,1250,34.722458572387694
1,1300,34.71851905822754
1,1350,34.721613845825196
1,1400,34.72105125427246
1,1450,34.715705490112306
1,1500,34.71458000183105
1,1550,34.71711219787598
1,1600,34.709515686035154
1,1650,34.718519134521486
1,1700,34.71401679992676
1,1750,34.72189582824707
1,1800,34.72189529418945
1,1850,34.71936347961426
1,1900,34.71317283630371
1,1950,34.71401702880859
1,2000,34.715424346923825
1,2050,34.70810859680176
1,2100,34.71289161682129
1,2150,34.71992622375488
1,2200,34.719363403320315
1,2250,34.719926300048826
1,2300,34.71035942077637
1,2350,34.717393188476564
1,2400,34.716549758911135
1,2450,34.71936294555664
1,2500,34.718238067626956
1,2550,34.71739372253418
1,2600,34.715424041748044
1,2650,34.720770111083986
1,2700,34.718237686157224
1,2750,34.7092342376709
1,2800,34.70895271301269
1,2850,34.715142822265626
1,2900,34.7131729888916
1,2950,34.71992614746094
1,3000,34.715705718994144
1,3050,34.721051406860354
1,3100,34.71176651000977
1,3150,34.72921134948731
1,3200,34.71964424133301
1,3250,34.71795684814453
2,50,35.40948547363281
2,100,34.71570579528809
2,150,34.70726417541504
2,200,34.71429862976074
2,250,34.7193635559082
2,300,34.71964500427246
2,350,34.71823829650879
2,400,34.71711227416992
2,450,34.717112426757815
2,500,34.71795654296875
2,550,34.72499053955078
2,600,34.713736114501955
2,650,34.72020698547363
2,700,34.71936347961426
2,750,34.720207366943356
2,800,34.72273986816406
2,850,34.712610397338864
2,900,34.71570533752441
2,950,34.71683090209961
2,1000,34.715705490112306
2,1050,34.717675094604495
2,1100,34.71570495605469
2,1150,34.726678466796876
2,1200,34.714580078125
2,1250,34.71457992553711
2,1300,34.70895240783691
2,1350,34.7126106262207
2,1400,34.715705718994144
2,1450,34.7196443939209
2,1500,34.713735580444336
2,1550,34.712609939575195
2,1600,34.71626808166504
2,1650,34.72724143981934
2,1700,34.70754608154297
2,1750,34.719363327026365
2,1800,34.714861450195315
2,1850,34.71148490905762
2,1900,34.71570556640625
2,1950,34.71401679992676
2,2000,34.7168310546875
2,2050,34.718237991333005
2,2100,34.71683059692383
2,2150,34.72273986816406
2,2200,34.71232894897461
2,2250,34.71457992553711
2,2300,34.71176628112793
2,2350,34.717956161499025
2,2400,34.71007781982422
2,2450,34.71626823425293
2,2500,34.71261032104492
2,2550,34.721614303588865
2,2600,34.71711227416992
2,2650,34.710078201293946
2,2700,34.71739379882813
2,2750,34.721332778930666
2,2800,34.7238646697998
2,2850,34.717394256591795
2,2900,34.71964431762695
2,2950,34.717675399780276
2,3000,34.710922393798825
2,3050,34.71345458984375
2,3100,34.72302108764649
2,3150,34.71401695251465
2,3200,34.72273941040039
2,3250,34.71570526123047
3,50,35.41398712158203
3,100,34.716549758911135
3,150,34.71373626708984
3,200,34.714017639160154
3,250,34.717675323486326
3,300,34.71317329406738
3,350,34.71654930114746
3,400,34.72555366516113
3,450,34.72808547973633
3,500,34.717956466674806
3,550,34.71401748657227
3,600,34.71289176940918
3,650,34.713736038208005
3,700,34.712048034667966
3,750,34.716831283569334
3,800,34.719363098144534
3,850,34.714298706054684
3,900,34.71542419433594
3,950,34.71542388916016
3,1000,34.71626800537109
3,1050,34.712047805786135
3,1100,34.72020744323731
3,1150,34.71598693847656
3,1200,34.71739372253418
3,1250,34.71739326477051
3,1300,34.719644927978514
3,1350,34.71092254638672
3,1400,34.714017181396486
3,1450,34.71007835388183
3,1500,34.71683059692383
3,1550,34.722177047729495
3,1600,34.715986785888674
3,1650,34.72330253601074
3,1700,34.71204765319824
3,1750,34.71458000183105
3,1800,34.71458023071289
3,1850,34.71851905822754
3,1900,34.712328872680665
3,1950,34.725553359985355
3,2000,34.71739387512207
3,2050,34.72020721435547
3,2100,34.720207366943356
3,2150,34.71514266967773
3,2200,34.71486129760742
3,2250,34.7188003540039
3,2300,34.71570579528809
3,2350,34.71232955932617
3,2400,34.717675094604495
3,2450,34.710922470092775
3,2500,34.71739356994629
3,2550,34.71542388916016
3,2600,34.715986557006836
3,2650,34.71964454650879
3,2700,34.72161399841308
3,2750,34.71542419433594
3,2800,34.70923408508301
3,2850,34.71880058288574
3,2900,34.71401756286621
3,2950,34.71345481872559
3,3000,34.720207366943356
3,3050,34.70867111206055
3,3100,34.72189529418945
3,3150,34.723020782470705
3,3200,34.71542373657226
3,3250,34.71458023071289
4,50,35.404983367919925
4,100,34.71261032104492
4,150,34.7188005065918
4,200,34.717956161499025
4,250,34.7165495300293
4,300,34.71345466613769
4,350,34.71598686218262
4,400,34.71626831054687
4,450,34.71739387512207
4,500,34.71823745727539
4,550,34.71345458984375
4,600,34.71908210754395
4,650,34.7148616027832
4,700,34.7204891204834
4,750,34.71232917785645
4,800,34.711766738891605
4,850,34.716549758911135
4,900,34.71711204528808
4,950,34.715143051147464
4,1000,34.71626846313477
4,1050,34.72442741394043
4,1100,34.70895240783691
4,1150,34.71767478942871
4,1200,34.71373626708984
4,1250,34.719644470214845
4,1300,34.72048881530762
4,1350,34.70867111206055
4,1400,34.715987014770505
4,1450,34.72245796203613
4,1500,34.71823783874512
4,1550,34.71373596191406
4,1600,34.71373550415039
4,1650,34.718800430297854
4,1700,34.71148490905762
4,1750,34.712892074584964
4,1800,34.71373588562012
4,1850,34.71739387512207
4,1900,34.722177047729495
4,1950,34.720488739013675
4,2000,34.71795623779297
4,2050,34.71851928710937
4,2100,34.71683074951172
4,2150,34.71514259338379
4,2200,34.71373573303222
4,2250,34.721051635742185
4,2300,34.71401741027832
4,2350,34.718237762451174
4,2400,34.72499046325684
4,2450,34.71626876831055
4,2500,34.71514266967773
4,2550,34.71964515686035
4,2600,34.720769805908205
4,2650,34.7188003540039
4,2700,34.71570564270019
4,2750,34.71401741027832
4,2800,34.7165493774414
4,2850,34.712891845703126
4,2900,34.723021240234374
4,2950,34.71176612854004
4,3000,34.71514320373535
4,3050,34.71626808166504
4,3100,34.719925537109376
4,3150,34.71767547607422
4,3200,34.72189521789551
4,3250,34.71232902526855
5,50,35.40864059448242
5,100,34.71654930114746
5,150,34.71401748657227
5,200,34.724990386962894
5,250,34.71204750061035
5,300,34.71120376586914
5,350,34.71542457580566
5,400,34.7196443939209
5,450,34.7171125793457
5,500,34.71261024475098
5,550,34.715424118041994
5,600,34.72330276489258
5,650,34.709234161376955
5,700,34.715705718994144
5,750,34.72442779541016
5,800,34.71514266967773
5,850,34.715424041748044
5,900,34.71823753356934
5,950,34.71795677185059
5,1000,34.71345428466797
5,1050,34.72105155944824
5,1100,34.712609939575195
5,1150,34.71514289855957
5,1200,34.71767486572266
5,1250,34.712047729492184
5,1300,34.7114852142334
5,1350,34.72133255004883
5,1400,34.71908187866211
5,1450,34.72133255004883
5,1500,34.715424423217776
5,1550,34.715142822265626
5,1600,34.72189559936523
5,1650,34.71908195495605
5,1700,34.71148490905762
5,1750,34.71429862976074
5,1800,34.720770263671874
5,1850,34.72302055358887
5,1900,34.71289192199707
5,1950,34.71711227416992
5,2000,34.713735809326174
5,2050,34.71542388916016
5,2100,34.715142974853514
5,2150,34.721895370483395
5,2200,34.72076995849609
5,2250,34.71542449951172
5,2300,34.715705490112306
5,2350,34.71739387512207
5,2400,34.7188003540039
5,2450,34.70642028808594
5,2500,34.71401725769043
5,2550,34.71739379882813
5,2600,34.721051635742185
5,2650,34.71345458984375
5,2700,34.72302085876465
5,2750,34.72189559936523
5,2800,34.70867134094238
5,2850,34.70979614257813
5,2900,34.71542427062988
5,2950,34.72302116394043
5,3000,34.7154239654541
5,3050,34.71626846313477
5,3100,34.713454513549806
5,3150,34.714580307006834
5,3200,34.71880058288574
5,3250,34.72358383178711
6,50,35.40442031860351
6,100,34.72020751953125
6,150,34.713173141479494
6,200,34.7176749420166
6,250,34.718518829345705
6,300,34.714861373901364
6,350,34.71795631408691
6,400,34.71795623779297
6,450,34.7213330078125
6,500,34.71795654296875
6,550,34.72217720031738
6,600,34.71542419433594
6,650,34.720769805908205
6,700,34.716830825805665
6,750,34.716267852783204
6,800,34.71457992553711
6,850,34.71992584228516
6,900,34.70839012145996
6,950,34.716268157958986
6,1000,34.71542419433594
6,1050,34.71064094543457
6,1100,34.72245796203613
6,1150,34.71289192199707
6,1200,34.72358383178711
6,1250,34.720207366943356
6,1300,34.717393951416014
6,1350,34.715705947875975
6,1400,34.70923400878906
6,1450,34.7142985534668
6,1500,34.71261032104492
6,1550,34.71514259338379
6,1600,34.70867126464844
6,1650,34.72189552307129
6,1700,34.712891845703126
6,1750,34.715987091064456
6,1800,34.71823822021484
6,1850,34.716267852783204
6,1900,34.722458343505856
6,1950,34.72358383178711
6,2000,34.71401741027832
6,2050,34.71851928710937
6,2100,34.710922164916994
6,2150,34.711485061645504
6,2200,34.71317329406738
6,2250,34.71683113098145
6,2300,34.71739418029785
6,2350,34.71598663330078
6,2400,34.72358352661133
6,2450,34.71711219787598
6,2500,34.71486152648926
6,2550,34.722458114624025
6,2600,34.71880027770996
6,2650,34.70923400878906
6,2700,34.71739364624023
6,2750,34.71851936340332
6,2800,34.71851898193359
6,2850,34.7188005065918
6,2900,34.71992561340332
6,2950,34.72048927307129
6,3000,34.71514259338379
6,3050,34.710078125
6,3100,34.71795608520508
6,3150,34.714580383300785
6,3200,34.71880058288574
6,3250,34.71345436096191
7,50,35.40526458740234
7,100,34.72555313110352
7,150,34.72470916748047
7,200,34.716268386840824
7,250,34.715986557006836
7,300,34.710922393798825
7,350,34.72105125427246
7,400,34.714298782348635
7,450,34.725553283691404
7,500,34.717112426757815
7,550,34.71401741027832
7,600,34.70979690551758
7,650,34.713172912597656
7,700,34.720207366943356
7,750,34.714298706054684
7,800,34.71204711914063
7,850,34.715986785888674
7,900,34.71148468017578
7,950,34.716549987792966
7,1000,34.71232894897461
7,1050,34.712610473632814
7,1100,34.71401741027832
7,1150,34.71654983520508
7,1200,34.72076988220215
7,1250,34.71795677185059
7,1300,34.71148529052734
7,1350,34.712610778808596
7,1400,34.70810821533203
7,1450,34.7210514831543
7,1500,34.715986557006836
7,1550,34.71401733398437
7,1600,34.71851974487305
7,1650,34.717112350463864
7,1700,34.72780418395996
7,1750,34.71739379882813
7,1800,34.719926071166995
7,1850,34.7221768951416
7,1900,34.70923393249512
7,1950,34.71683059692383
7,2000,34.710922164916994
7,2050,34.71289176940918
7,2100,34.72836708068848
7,2150,34.72386489868164
7,2200,34.71823791503906
7,2250,34.71345458984375
7,2300,34.7097966003418
7,2350,34.71851898193359
7,2400,34.7193627166748
7,2450,34.71092224121094
7,2500,34.720207366943356
7,2550,34.721895904541014
7,2600,34.70951507568359
7,2650,34.71851943969727
7,2700,34.71683120727539
7,2750,34.71739402770996
7,2800,34.71683097839355
7,2850,34.719644699096676
7,2900,34.71345512390137
7,2950,34.717675018310544
7,3000,34.71542457580566
7,3050,34.71936325073242
7,3100,34.71007835388183
7,3150,34.721051330566404
7,3200,34.71823791503906
7,3250,34.71767486572266
8,50,35.4106103515625
8,100,34.722739639282224
8,150,34.71795600891113
8,200,34.71317359924316
8,250,34.71570556640625
8,300,34.725271759033205
8,350,34.719644470214845
8,400,34.71542388916016
8,450,34.71289169311523
8,500,34.71598724365234
8,550,34.718519134521486
8,600,34.7159871673584
8,650,34.71570510864258
8,700,34.71767440795898
8,750,34.71401756286621
8,800,34.71429847717285
8,850,34.721614303588865
8,900,34.71964454650879
8,950,34.7188003540039
8,1000,34.71148498535156
8,1050,34.72105155944824
8,1100,34.71795654296875
8,1150,34.716268157958986
8,1200,34.717112350463864
8,1250,34.710922470092775
8,1300,34.717112426757815
8,1350,34.72189575195313
8,1400,34.71542427062988
8,1450,34.718237991333005
8,1500,34.715987091064456
8,1550,34.71964485168457
8,1600,34.720770034790036
8,1650,34.716549682617185
8,1700,34.71880088806152
8,1750,34.71880081176758
8,1800,34.718800735473636
8,1850,34.71598693847656
8,1900,34.711203994750974
8,1950,34.710078125
8,2000,34.70416938781738
8,2050,34.72724151611328
8,2100,34.72217681884766
8,2150,34.71823760986328
8,2200,34.71035911560059
8,2250,34.719644699096676
8,2300,34.718238067626956
8,2350,34.71429908752442
8,2400,34.71683120727539
8,2450,34.71514266967773
8,2500,34.70951553344727
8,2550,34.71964477539063
8,2600,34.71401710510254
8,2650,34.72527214050293
8,2700,34.71598693847656
8,2750,34.71345436096191
8,2800,34.71570556640625
8,2850,34.7142984008789
8,2900,34.712610702514645
8,2950,34.721051406860354
8,3000,34.721051406860354
8,3050,34.714299011230466
8,3100,34.71092155456543
8,3150,34.71486129760742
8,3200,34.70810844421387
8,3250,34.71795623779297
9,50,35.41145477294922
9,100,34.7176749420166
9,150,34.71401733398437
9,200,34.71711204528808
9,250,34.71739364624023
9,300,34.71739334106445
9,350,34.71823783874512
9,400,34.71598617553711
9,450,34.72048881530762
9,500,34.719363327026365
9,550,34.714017181396486
9,600,34.71626770019531
