1,50,16.330125832557677
1,100,6.124937753677369
1,150,5.341417145729065
1,200,5.890436849594116
1,250,5.168012251853943
1,300,5.401593947410584
1,350,5.287698769569397
1,400,5.538876147270202
1,450,5.50400140285492
1,500,5.0957708835601805
1,550,5.814130067825317
1,600,5.183149137496948
1,650,5.129360814094543
1,700,5.394464802742005
1,750,5.144148445129394
1,800,5.878236403465271
1,850,5.535257668495178
1,900,5.196264715194702
1,950,5.522685499191284
1,1000,4.735154967308045
1,1050,4.67535327911377
1,1100,4.884317770004272
1,1150,5.815506882667542
1,1200,4.897695579528809
1,1250,5.335505933761596
1,1300,5.606429858207703
1,1350,4.952778577804565
1,1400,5.158719892501831
1,1450,5.446238751411438
1,1500,5.1329564142227175
1,1550,5.290929675102234
1,1600,5.136694493293763
1,1650,5.287756996154785
1,1700,5.569127774238586
1,1750,5.328823003768921
1,1800,5.150208349227905
1,1850,5.488617711067199
1,1900,5.466952147483826
1,1950,5.166561813354492
1,2000,5.206305947303772
1,2050,4.335195150375366
1,2100,5.074801745414734
1,2150,4.940515007972717
1,2200,5.754194369316101
1,2250,5.5347219800949095
1,2300,5.111176891326904
1,2350,5.010369625091553
1,2400,5.3028230428695675
1,2450,5.908684935569763
1,2500,5.582865180969239
1,2550,5.23847207069397
1,2600,5.168911638259888
1,2650,4.619411540031433
1,2700,4.997290468215942
1,2750,5.336730182170868
1,2800,4.8018316602706905
1,2850,5.2566471719741825
1,2900,5.051239695549011
1,2950,4.766846990585327
1,3000,4.823509531021118
1,3050,5.11294312953949
1,3100,4.877315225601197
1,3150,5.107115430831909
1,3200,5.14075945854187
1,3250,4.992797741889953
1,3300,4.67882960319519
1,3350,5.290507807731628
1,3400,5.1553525590896605
1,3450,5.963258666992187
1,3500,4.929442629814148
1,3550,5.338825650215149
1,3600,5.632924027442932
2,50,5.607336573600769
2,100,5.419203128814697
2,150,4.563313426971436
2,200,5.035887389183045
2,250,5.397294836044312
2,300,5.233960285186767
2,350,5.062069211006165
2,400,5.454891633987427
2,450,4.4567985701560975
2,500,4.841735148429871
2,550,4.9622976064682005
2,600,4.721462273597718
2,650,5.206403622627258
2,700,5.679313526153565
2,750,4.770294418334961
2,800,4.93605791091919
2,850,5.143438992500305
2,900,5.1728681421279905
2,950,5.169812750816345
2,1000,4.948057527542114
2,1050,5.28087616443634
2,1100,4.742566742897034
2,1150,4.831536407470703
2,1200,4.974650545120239
2,1250,4.755222592353821
2,1300,5.0037979936599735
2,1350,5.007815661430359
2,1400,4.88535177230835
2,1450,4.7239688110351565
2,1500,5.277385368347168
2,1550,5.352481465339661
2,1600,5.087977504730224
2,1650,5.7286029624938966
2,1700,4.83612359046936
2,1750,5.375288233757019
2,1800,5.233827452659607
2,1850,5.397876749038696
2,1900,5.164540529251099
2,1950,5.730701808929443
2,2000,5.146399335861206
2,2050,4.970892086029052
2,2100,4.793320436477661
2,2150,5.137590932846069
2,2200,5.3291932535171505
2,2250,4.92358555316925
2,2300,5.029962863922119
2,2350,4.462671275138855
2,2400,4.5988933992385865
2,2450,5.4825487804412845
2,2500,5.159578542709351
2,2550,4.957190046310425
2,2600,5.312363562583923
2,2650,5.296584696769714
2,2700,4.95179256439209
2,2750,5.544646463394165
2,2800,5.084702682495117
2,2850,5.300599007606507
2,2900,5.303971500396728
2,2950,5.549453716278077
2,3000,4.881674218177795
2,3050,5.17107358455658
2,3100,5.106998000144959
2,3150,5.239496259689331
2,3200,4.920434937477112
2,3250,4.9421446943283085
2,3300,5.117566876411438
2,3350,4.945783839225769
2,3400,4.810211730003357
2,3450,5.223928236961365
2,3500,5.047886910438538
2,3550,4.764370808601379
2,3600,5.668162503242493
3,50,5.0256873226165775
3,100,4.957339262962341
3,150,5.169400415420532
3,200,4.629385166168213
3,250,5.118601861000061
3,300,5.620271706581116
3,350,5.2484269714355465
3,400,5.096052927970886
3,450,5.317191944122315
3,500,5.0888742208480835
3,550,5.131848983764648
3,600,4.516316885948181
3,650,5.321798615455627
3,700,5.5141470336914065
3,750,5.891021342277527
3,800,5.0603244018554685
3,850,4.871635046005249
3,900,5.232929029464722
3,950,5.805676817893982
3,1000,5.104076056480408
3,1050,4.910418400764465
3,1100,5.286304025650025
3,1150,5.0576169347763065
3,1200,5.197537922859192
3,1250,5.114087557792663
3,1300,4.646444368362427
3,1350,4.770859789848328
3,1400,4.6876786422729495
3,1450,5.3734368801116945
3,1500,4.928083705902099
3,1550,4.826996874809265
3,1600,5.038346252441406
3,1650,4.95927056312561
3,1700,4.890745220184326
3,1750,5.135534749031067
3,1800,4.899987440109253
3,1850,4.886070923805237
3,1900,5.438249788284302
3,1950,5.082015614509583
3,2000,4.963391036987304
3,2050,5.121504054069519
3,2100,4.838196678161621
3,2150,5.6504684162139895
3,2200,4.49657518863678
3,2250,5.743055648803711
3,2300,4.722895631790161
3,2350,5.329124693870544
3,2400,4.673857865333557
3,2450,5.186450362205505
3,2500,5.239595146179199
3,2550,5.144729075431823
3,2600,5.427261147499085
3,2650,4.90046893119812
3,2700,4.516551866531372
3,2750,4.873967227935791
3,2800,5.272138838768005
3,2850,4.760806274414063
3,2900,4.948880739212036
3,2950,5.106557683944702
3,3000,4.974571304321289
3,3050,4.848080863952637
3,3100,5.049987235069275
3,3150,4.667667546272278
3,3200,4.71353132724762
3,3250,4.7109824609756465
3,3300,4.884058332443237
3,3350,4.8685519313812256
3,3400,5.208465337753296
3,3450,4.45669086933136
3,3500,5.135385603904724
3,3550,4.664429306983948
3,3600,4.916378421783447
4,50,5.643524513244629
4,100,4.482937436103821
4,150,5.197941327095032
4,200,4.897260613441468
4,250,5.202923769950867
4,300,4.617555818557739
4,350,4.821136312484741
4,400,5.023506546020508
4,450,4.595998916625977
4,500,5.092948894500733
4,550,5.033383612632751
4,600,5.208837695121765
4,650,5.056059103012085
4,700,5.0212918519973755
4,750,4.83633508682251
4,800,4.769179558753967
4,850,5.003621773719788
4,900,4.48792188167572
4,950,5.214228644371032
4,1000,4.735773792266846
4,1050,5.629105453491211
4,1100,5.192707109451294
4,1150,5.006297578811646
4,1200,4.9112101173400875
4,1250,4.763944363594055
4,1300,5.116474709510803
4,1350,4.940052165985107
4,1400,5.052118029594421
4,1450,5.850187501907349
4,1500,5.307233376502991
4,1550,4.6905282115936275
4,1600,5.036712560653687
4,1650,5.334830470085144
4,1700,5.1526206636428835
4,1750,5.253186807632447
4,1800,4.8843921327590945
4,1850,4.618193893432617
4,1900,4.691368923187256
4,1950,5.2363749551773076
4,2000,5.187771544456482
4,2050,4.7262016916275025
4,2100,5.206035437583924
4,2150,4.600795154571533
4,2200,4.845666170120239
4,2250,5.441030693054199
4,2300,5.178246545791626
4,2350,4.912138524055481
4,2400,4.760634851455689
4,2450,4.666296691894531
4,2500,5.180116925239563
4,2550,5.220381560325623
4,2600,5.303125290870667
4,2650,4.748420505523682
4,2700,5.3429998731613155
4,2750,5.324695844650268
4,2800,5.088033180236817
4,2850,4.398772027492523
4,2900,4.473460712432861
4,2950,4.633944244384765
4,3000,4.730126347541809
4,3050,4.625564374923706
4,3100,5.0758640003204345
4,3150,5.270326457023621
4,3200,4.864926381111145
4,3250,5.231182565689087
4,3300,4.6008384418487545
4,3350,4.540466551780701
4,3400,5.081381874084473
4,3450,5.686930875778199
4,3500,4.9354125595092775
4,3550,4.5703518056869505
4,3600,4.508185791969299
5,50,4.679285364151001
5,100,5.0801906442642215
5,150,4.689860353469848
5,200,4.711381087303161
5,250,4.734071412086487
5,300,5.328056383132934
5,350,4.660556392669678
5,400,5.115617055892944
5,450,4.8220025110244755
5,500,4.605809135437012
5,550,4.920264248847961
5,600,5.373761987686157
5,650,5.091380496025085
5,700,4.410227947235107
5,750,4.645370445251465
5,800,4.472810320854187
5,850,4.641956453323364
5,900,4.7654839038848875
5,950,4.713646330833435
5,1000,5.003148956298828
5,1050,5.4066156387329105
5,1100,5.200707449913025
5,1150,4.504049243927002
5,1200,4.80538471698761
5,1250,5.5043287229537965
5,1300,5.012268266677856
5,1350,4.934161882400513
5,1400,4.938275461196899
5,1450,5.127121167182922
5,1500,4.738801765441894
5,1550,5.208271169662476
5,1600,5.04679609298706
5,1650,4.848974571228028
5,1700,5.387072787284851
5,1750,4.7882122230529784
5,1800,5.218385348320007
5,1850,5.3111557769775395
5,1900,5.249960403442383
5,1950,4.799912304878235
5,2000,5.1579056739807125
5,2050,5.028759169578552
5,2100,4.91211745262146
5,2150,4.98651921749115
5,2200,4.776761984825134
5,2250,5.254691653251648
5,2300,4.768801589012146
5,2350,4.481880013942718
5,2400,5.229803309440613
5,2450,4.658866972923279
5,2500,5.172814364433289
5,2550,4.707770233154297
5,2600,4.63612530708313
5,2650,4.807921237945557
5,2700,5.090271906852722
5,2750,5.17359456539154
5,2800,5.595039854049682
5,2850,4.814678125381469
5,2900,4.914478166103363
5,2950,5.2285942029953
5,3000,4.514043915271759
5,3050,4.565235257148743
5,3100,4.8065900182723995
5,3150,5.149315905570984
5,3200,5.085953798294067
5,3250,4.670833549499512
5,3300,4.700439252853394
5,3350,4.723088216781616
5,3400,4.916066284179688
5,3450,5.121980142593384
5,3500,5.292868499755859
5,3550,5.091568989753723
5,3600,5.168929452896118
