1,50,4.907045407295227
1,100,4.905881309509278
1,150,4.749256496429443
1,200,5.135640616416931
1,250,4.380600900650024
1,300,5.082674856185913
1,350,4.982914628982544
1,400,4.93496238231659
1,450,5.079245824813842
1,500,4.922783470153808
1,550,4.863192267417908
1,600,4.723869171142578
1,650,5.0545020055770875
1,700,5.2519432640075685
1,750,5.345868725776672
1,800,5.089262409210205
1,850,5.32964852809906
1,900,5.302978563308716
1,950,4.522913160324097
1,1000,4.281784949302673
1,1050,4.982215175628662
1,1100,4.995298991203308
1,1150,4.719126882553101
1,1200,5.0349602794647215
1,1250,5.265893411636353
1,1300,4.461171274185181
1,1350,4.725781674385071
1,1400,4.771103820800781
1,1450,5.240077309608459
1,1500,4.658362317085266
1,1550,5.27152304649353
1,1600,5.436861009597778
1,1650,4.862222032546997
1,1700,4.90145854473114
1,1750,4.508160052299499
1,1800,4.596397533416748
1,1850,4.795655083656311
1,1900,4.511059827804566
1,1950,5.319936881065368
1,2000,4.996962718963623
1,2050,5.442721729278564
1,2100,5.01835009098053
1,2150,4.614453811645507
1,2200,4.792821831703186
1,2250,4.750839195251465
1,2300,4.211093211174012
1,2350,4.700319418907165
1,2400,5.268719606399536
1,2450,5.096305279731751
1,2500,4.663409976959229
1,2550,4.921559062004089
1,2600,5.025954303741455
1,2650,4.995716333389282
1,2700,4.942950167655945
1,2750,4.708886299133301
1,2800,4.4741796779632566
1,2850,4.801380567550659
1,2900,4.4245238113403325
1,2950,5.064822931289672
1,3000,5.185182838439942
1,3050,4.861870861053466
1,3100,4.905019307136536
1,3150,4.503105387687683
1,3200,4.648089714050293
1,3250,4.911950747966767
1,3300,4.391499056816101
1,3350,5.216667995452881
1,3400,4.767803297042847
1,3450,4.625291032791138
1,3500,4.904972867965698
1,3550,5.178327832221985
1,3600,4.52723521232605
2,50,4.8081889295578
2,100,5.230503892898559
2,150,4.880834665298462
2,200,5.038083019256592
2,250,4.566681289672852
2,300,5.0396658802032475
2,350,4.786764369010926
2,400,5.109088172912598
2,450,5.059899950027466
2,500,4.797292237281799
2,550,5.038547086715698
2,600,5.16249783039093
2,650,5.04580138206482
2,700,4.977938280105591
2,750,4.675491328239441
2,800,4.604028668403625
2,850,4.663368759155273
2,900,4.91493013381958
2,950,4.788477063179016
2,1000,4.198861365318298
2,1050,4.501590342521667
2,1100,4.701563482284546
2,1150,4.763563303947449
2,1200,4.637217164039612
2,1250,5.21060378074646
2,1300,4.926260004043579
2,1350,5.349623394012451
2,1400,4.734999823570251
2,1450,4.763267960548401
2,1500,5.128545160293579
2,1550,5.117776765823364
2,1600,4.821000967025757
2,1650,4.856000552177429
2,1700,4.692638301849366
2,1750,4.694837002754212
2,1800,4.4259993267059325
2,1850,4.734191102981567
2,1900,4.676811785697937
2,1950,4.989578490257263
2,2000,4.424371576309204
2,2050,5.152135739326477
2,2100,4.54829478263855
2,2150,5.1259473609924315
2,2200,5.00891583442688
2,2250,4.7192414236068725
2,2300,4.6628385925292966
2,2350,4.8566854333877565
2,2400,4.776900324821472
2,2450,5.1701643896102905
2,2500,4.653341827392578
2,2550,5.293076605796814
2,2600,4.617976570129395
2,2650,5.793008399009705
2,2700,4.37411431312561
2,2750,5.190127444267273
2,2800,4.692410788536072
2,2850,4.5489417552948
2,2900,4.870034642219544
2,2950,4.884991965293884
2,3000,4.701686058044434
2,3050,4.749773421287537
2,3100,4.6047782754898074
2,3150,5.100244455337524
2,3200,4.894473071098328
2,3250,5.183733077049255
2,3300,4.917208404541015
2,3350,4.2659450340271
2,3400,5.100063776969909
2,3450,4.983012881278992
2,3500,4.847066469192505
2,3550,4.977207174301148
2,3600,4.732927432060242
3,50,5.170501341819763
3,100,4.4229152345657345
3,150,4.609802680015564
3,200,4.737459058761597
3,250,4.608020210266114
3,300,4.9661831736564634
3,350,4.550759382247925
3,400,5.025982947349548
3,450,4.224813299179077
3,500,5.10345648765564
3,550,4.657775144577027
3,600,4.401411051750183
3,650,4.944814572334289
3,700,4.55974497795105
3,750,5.215296158790588
3,800,5.321860570907592
3,850,4.847911262512207
3,900,4.876622886657715
3,950,5.268072690963745
3,1000,4.849928593635559
3,1050,4.998478274345398
3,1100,4.682429986000061
3,1150,4.843095345497131
3,1200,5.70347243309021
3,1250,4.5098459815979
3,1300,4.780051736831665
3,1350,4.194247694015503
3,1400,4.437760810852051
3,1450,5.361591091156006
3,1500,4.8892668342590335
3,1550,4.508050560951233
3,1600,4.403155016899109
3,1650,5.0526138162612915
3,1700,5.514036741256714
3,1750,5.00424864768982
3,1800,4.738763813972473
3,1850,4.7145994901657104
3,1900,5.208218460083008
3,1950,4.975857696533203
3,2000,5.115758323669434
3,2050,5.416964454650879
3,2100,4.542157201766968
3,2150,4.509215183258057
3,2200,5.1713848972320555
3,2250,4.55682945728302
3,2300,5.334284000396728
3,2350,4.888565235137939
3,2400,4.247328500747681
