1,50,0.1263702155649662
1,100,0.1156736981868744
1,150,0.11707542970776558
1,200,0.11541060045361519
1,250,0.11494497954845428
1,300,0.11659668266773224
1,350,0.11708241865038872
1,400,0.11444322004914284
1,450,0.11812081009149551
1,500,0.11554772064089774
1,550,0.11827920585870742
1,600,0.12010060772299766
1,650,0.11797877341508865
2,50,0.09931715205311775
2,100,0.0978612631559372
2,150,0.09990948885679245
2,200,0.09950242504477501
2,250,0.10093294531106949
2,300,0.10385859534144401
2,350,0.10340963169932366
2,400,0.10422546327114106
2,450,0.10469094857573509
