1,50,0.15425611332058906
1,100,0.15298287212848663
1,150,0.1504691132903099
1,200,0.1522432106733322
1,250,0.15176013201475144
1,300,0.15502141728997232
1,350,0.15606723800301553
1,400,0.1515432597696781
1,450,0.15346792057156564
1,500,0.1516146644949913
1,550,0.15405624032020568
2,50,0.14830734461545944
2,100,0.14589364126324653
2,150,0.14535558804869653
2,200,0.1461428338289261
2,250,0.1459553787112236
2,300,0.1478903639316559
2,350,0.14818401157855987
2,400,0.14583050772547723
2,450,0.14842001408338545
2,500,0.14826998770236968
2,550,0.15146608307957649
3,50,0.1403699553012848
3,100,0.1391275081038475
3,150,0.1413570299744606
3,200,0.14144914448261262
3,250,0.14045975133776664
3,300,0.14050595819950104
3,350,0.14345455050468445
3,400,0.1417030431330204
3,450,0.1437113966047764
3,500,0.14405576691031455
3,550,0.14459810748696328
4,50,0.13273705035448075
4,100,0.13245768755674361
4,150,0.13358671933412553
4,200,0.13315123051404953
4,250,0.1355111800134182
4,300,0.138331348747015
4,350,0.1397220376133919
4,400,0.13598466113209726
4,450,0.13519599065184593
4,500,0.1393566334247589
4,550,0.13876708641648292
5,50,0.1259158432483673
5,100,0.12547486558556556
5,150,0.12668272852897644
5,200,0.12896612644195557
5,250,0.1318446071445942
5,300,0.12989025056362152
5,350,0.1335597015917301
5,400,0.12745750576257706
5,450,0.1319464360177517
5,500,0.13298989176750184
5,550,0.13226846382021903
6,50,0.118706094622612
6,100,0.12041584253311158
6,150,0.12184462770819664
6,200,0.11972494170069695
6,250,0.12173882991075516
6,300,0.12135558798909188
6,350,0.12408975064754486
6,400,0.12392130389809608
6,450,0.1240926268696785
6,500,0.127701313495636
6,550,0.12992599919438363
7,50,0.11087471470236779
7,100,0.11469095632433891
7,150,0.11340340211987496
7,200,0.11583771497011185
7,250,0.11364559039473533
7,300,0.11659691661596298
7,350,0.11722773194313049
7,400,0.11880995333194733
7,450,0.11810922563076019
7,500,0.12293542385101318
7,550,0.12225118920207023
8,50,0.10651892304420471
8,100,0.10537053599953651
8,150,0.10645419627428054
8,200,0.10965535759925843
8,250,0.10968798071146012
8,300,0.11055663272738457
8,350,0.11475217461585999
8,400,0.10736430585384368
8,450,0.11636255532503129
8,500,0.11427776589989662
8,550,0.1134699983894825
9,50,0.09965489149093627
9,100,0.09697515800595284
9,150,0.10146450862288475
9,200,0.102374297529459
9,250,0.10486404657363892
9,300,0.10540776774287224
9,350,0.10576106622815132
9,400,0.10670520961284638
9,450,0.10583687961101532
9,500,0.11202702715992928
9,550,0.10801869675517083
10,50,0.09242628142237663
10,100,0.09518335774540901
10,150,0.09386231511831283
10,200,0.09672927916049957
10,250,0.09525403663516045
10,300,0.09789985746145248
10,350,0.10029829919338226
10,400,0.10161180540919304
10,450,0.10226116389036179
10,500,0.10146907180547714
10,550,0.10419015616178512
