1,50,0.2065987142920494
1,100,0.18143458262085915
1,150,0.18014547914266588
1,200,0.17519657135009767
1,250,0.17365919560194015
1,300,0.1697454744577408
1,350,0.1782841244339943
1,400,0.17285947769880294
1,450,0.17559802353382112
1,500,0.1725340062379837
1,550,0.17628755778074265
2,50,0.17695822089910507
2,100,0.16988346308469773
2,150,0.1755785235762596
2,200,0.17076544523239134
2,250,0.17365204453468322
2,300,0.17080607056617736
2,350,0.17042626380920411
2,400,0.16996509850025177
2,450,0.17204340130090715
2,500,0.16916559755802155
2,550,0.16702145397663115
3,50,0.1700713163614273
3,100,0.166682408452034
3,150,0.16961456567049027
3,200,0.16863220632076265
3,250,0.16859425157308577
3,300,0.16932981938123703
3,350,0.168265637755394
3,400,0.16739164143800736
3,450,0.1692078599333763
3,500,0.166687693297863
3,550,0.1690686073899269
4,50,0.16891516178846358
4,100,0.15962508767843248
4,150,0.1625202003121376
4,200,0.16730269193649291
4,250,0.16674079179763793
4,300,0.16426907062530519
4,350,0.1676893165707588
4,400,0.165448537170887
4,450,0.16841235518455505
4,500,0.1701766785979271
4,550,0.16487440049648286
5,50,0.16423725247383117
5,100,0.16180963844060897
5,150,0.16436792969703673
5,200,0.1642075964808464
5,250,0.16596207708120347
5,300,0.16001040637493133
5,350,0.16262732982635497
5,400,0.16322722926735878
5,450,0.16465289771556854
5,500,0.16575484424829484
5,550,0.15848995119333267
6,50,0.1651146113872528
6,100,0.15641796246170997
6,150,0.15937004506587982
6,200,0.16242899656295776
6,250,0.1596023605763912
6,300,0.16362020403146743
6,350,0.15896388709545137
6,400,0.1611003404855728
6,450,0.16225147157907485
6,500,0.15875605016946792
6,550,0.16076569765806198
7,50,0.16095453172922133
7,100,0.15789007380604744
7,150,0.1576997944712639
7,200,0.1575235366821289
7,250,0.15934775948524474
7,300,0.15805982202291488
7,350,0.16062243431806564
7,400,0.15547152906656264
7,450,0.15435079634189605
7,500,0.15825723350048065
7,550,0.15937499731779098
8,50,0.15587318629026414
8,100,0.15529266893863677
8,150,0.15582235917448997
8,200,0.1533799374103546
8,250,0.15147407472133637
8,300,0.1526516269147396
8,350,0.15341328859329223
8,400,0.15751401722431183
8,450,0.15601783782243728
8,500,0.1552438923716545
8,550,0.15730626046657561
9,50,0.15234071150422096
9,100,0.14403010562062263
9,150,0.14859649583697318
9,200,0.15182933628559112
9,250,0.1512770414352417
9,300,0.15182197019457816
9,350,0.15331698685884476
9,400,0.1490873123705387
9,450,0.15185723423957825
9,500,0.15052962630987168
9,550,0.15438032284379005
10,50,0.14489071995019911
10,100,0.14286078065633773
10,150,0.14583536565303803
10,200,0.14826050788164138
10,250,0.1481382417678833
10,300,0.14512419268488885
10,350,0.14739389941096306
10,400,0.14758160829544067
10,450,0.14721687838435174
10,500,0.14626102030277252
10,550,0.1513519337773323
