1,50,0.13176615849137308
1,100,0.13448736131191252
1,150,0.13019716009497642
1,200,0.13157466188073158
1,250,0.13021266132593154
1,300,0.13061724707484246
1,350,0.1322437956929207
1,400,0.13275724917650222
1,450,0.13203635811805725
1,500,0.1323748867213726
1,550,0.13325561359524726
2,50,0.11658434450626373
2,100,0.11593074828386307
2,150,0.11727220252156258
2,200,0.11983022838830948
2,250,0.12207077443599701
2,300,0.12065383717417717
2,350,0.12138652920722962
2,400,0.12284808158874512
2,450,0.12388815939426422
2,500,0.12416849806904792
2,550,0.12551890775561333
3,50,0.11030361607670784
3,100,0.10618153527379036
3,150,0.11066099926829338
3,200,0.11044876083731651
3,250,0.11096438243985177
3,300,0.11496124729514122
3,350,0.11373145326972008
3,400,0.11668436110019684
3,450,0.12099271193146706
3,500,0.1177323305606842
3,550,0.11653932347893715
4,50,0.09916967615485191
4,100,0.10270939797163009
4,150,0.10393576994538307
4,200,0.10533720046281815
4,250,0.10656297475099563
4,300,0.10654504984617233
4,350,0.10739521831274032
4,400,0.10968142941594124
4,450,0.10815255224704742
4,500,0.11075383976101875
4,550,0.11109452620148659
5,50,0.09640733376145363
5,100,0.0960442739725113
5,150,0.09647592484951019
5,200,0.09859885767102242
5,250,0.09829756572842598
5,300,0.10052751034498214
5,350,0.09869591757655144
5,400,0.10276927292346955
5,450,0.10035097971558571
5,500,0.1037895105779171
5,550,0.10662540256977081
6,50,0.09040739685297013
6,100,0.08657223433256149
6,150,0.0910336048901081
6,200,0.09021272778511047
6,250,0.09179193302989005
6,300,0.09636618092656135
6,350,0.09331395134329795
6,400,0.09520173877477646
6,450,0.09865524441003799
6,500,0.10049131602048873
6,550,0.09880727827548981
7,50,0.08303755134344101
7,100,0.0827591971307993
7,150,0.08094735257327557
7,200,0.08423751555383205
7,250,0.08947174414992333
7,300,0.08931455299258233
7,350,0.09077699780464173
7,400,0.0907472875714302
7,450,0.09256581619381904
7,500,0.0914403723180294
7,550,0.09175689160823822
8,50,0.07817878007888794
8,100,0.07336359731853008
8,150,0.07879852585494518
8,200,0.07891952387988567
8,250,0.08231944382190705
8,300,0.08237868390977382
8,350,0.08393797472119331
8,400,0.08220223605632782
8,450,0.0859780639410019
8,500,0.08890695586800575
8,550,0.08994392216205598
9,50,0.07405703119933606
9,100,0.06984514318406582
9,150,0.07325806379318238
9,200,0.07733678825199604
9,250,0.07555002689361573
9,300,0.07627969533205033
9,350,0.07729501761496067
9,400,0.08071604512631893
9,450,0.08166034758090973
9,500,0.08434775277972222
9,550,0.08116548888385296
10,50,0.06726874515414238
10,100,0.06639865651726723
10,150,0.06649085529148578
10,200,0.06918435871601104
10,250,0.07051152616739273
10,300,0.07270723238587379
10,350,0.07476432941854
10,400,0.0758880142122507
10,450,0.07970174841582775
10,500,0.07683112867176532
10,550,0.07803095966577529
