1,50,1.9373617780208587
1,100,1.863860387802124
1,150,1.9020997619628905
1,200,1.9144350290298462
1,250,1.924303240776062
1,300,1.9341714668273926
1,350,1.931704409122467
1,400,1.930470905303955
1,450,1.8404233741760254
1,500,1.8983991813659669
1,550,1.9144350266456605
1,600,1.9563749766349792
1,650,1.9440396976470948
1,700,1.8996327126026153
1,750,1.8823633122444152
1,800,1.9255367875099183
1,850,1.8490580558776855
1,900,1.9785784602165222
1,950,2.009416663646698
1,1000,1.8971656274795532
1,1050,1.9415726470947265
1,1100,1.844123947620392
1,1150,1.8194533967971802
1,1200,1.897165641784668
1,1250,1.9132014989852906
1,1300,1.997081401348114
1,1350,1.8761956763267518
1,1400,1.8379563212394714
1,1450,1.958842021226883
1,1500,1.9810455083847045
1,1550,1.8774291920661925
1,1600,1.9428061652183533
1,1650,1.9008662271499634
1,1700,1.8737286186218263
1,1750,2.011883730888367
1,1800,2.0044825530052184
1,1850,1.9748778915405274
1,1900,1.9292373704910277
1,1950,1.941572639942169
1,2000,1.9304708933830261
1,2050,1.8663274598121644
1,2100,1.8231539821624756
1,2150,1.8897644948959351
1,2200,1.9724108457565308
1,2250,1.8613933420181275
1,2300,1.9909137463569642
1,2350,1.8774291920661925
1,2400,1.8774292051792145
1,2450,1.948973798751831
1,2500,1.9193691408634186
1,2550,1.844123957157135
1,2600,1.8576927721500396
1,2650,1.8515251195430755
1,2700,1.9107344627380372
1,2750,1.9033332991600036
1,2800,1.888530948162079
1,2850,1.937872064113617
1,2900,1.9674767327308655
1,2950,1.9588420295715332
1,3000,1.879896252155304
1,3050,1.9267703199386597
1,3100,1.91196795463562
1,3150,1.9378720617294312
1,3200,1.9193691277503968
1,3250,1.9095009112358092
2,50,1.9230697274208068
2,100,1.9304709029197693
2,150,2.0057160782814027
2,200,1.9773449635505675
2,250,1.895932116508484
2,300,1.902099747657776
2,350,1.941572639942169
2,400,1.929237368106842
2,450,1.9378720462322234
2,500,1.8737286305427552
2,550,1.8453574919700622
2,600,1.9020997524261474
2,650,1.879896264076233
2,700,2.005716075897217
2,750,1.8490580654144286
2,800,1.8971656608581542
2,850,1.952674400806427
2,900,1.940339117050171
2,950,1.9958478593826294
2,1000,1.8576927590370178
2,1050,1.8502915835380553
2,1100,1.898399169445038
2,1150,1.8909980130195618
2,1200,1.9440396928787231
2,1250,1.9662431907653808
2,1300,1.8626268672943116
2,1350,1.9403390932083129
2,1400,1.9020997512340545
2,1450,1.8737286067008971
2,1500,2.0217519640922545
2,1550,1.8342557263374328
2,1600,1.921836187839508
2,1650,1.8811297917366028
2,1700,1.8206869316101075
2,1750,1.8539921736717224
2,1800,1.9674767184257507
2,1850,1.9613090825080872
2,1900,1.9391055798530579
2,1950,1.890997997522354
2,2000,1.878662714958191
2,2050,1.894698588848114
2,2100,1.8774292016029357
2,2150,1.8885309624671935
2,2200,1.8564592218399047
2,2250,1.8848303604125975
2,2300,1.9588420188426972
2,2350,2.0032490372657774
2,2400,1.890998020172119
2,2450,1.9465067553520203
2,2500,1.981045525074005
2,2550,1.9008662354946138
2,2600,2.021751945018768
2,2650,1.8330222129821778
2,2700,1.935404999256134
2,2750,1.9280038475990295
2,2800,1.9341714692115783
2,2850,1.8811297965049745
2,2900,1.84659099817276
2,2950,1.8675609827041626
2,3000,1.9576085138320922
2,3050,1.8774292111396789
2,3100,1.9452732253074645
2,3150,1.9292373657226562
2,3200,1.9255367779731751
2,3250,1.9354050040245057
3,50,2.0007819986343383
3,100,1.9637761425971985
3,150,1.914435031414032
3,200,1.9280038261413575
3,250,1.7886152100563049
3,300,1.909500916004181
3,350,2.0550571966171263
3,400,1.9058003282546998
3,450,1.8687945103645325
3,500,1.9033332753181458
3,550,1.9132015085220337
3,600,2.0353207540512086
3,650,1.9872131657600403
3,700,1.8737286221981049
3,750,1.8761956739425658
3,800,1.879896273612976
3,850,1.9230697274208068
3,900,1.8502916026115417
3,950,1.8971656489372253
3,1000,1.9230697441101074
3,1050,1.994614338874817
3,1100,1.8663274538516998
3,1150,1.941572630405426
3,1200,1.8835968470573425
3,1250,1.871261556148529
3,1300,1.9070338749885558
3,1350,1.9502073264122008
3,1400,1.8749621295928955
3,1450,1.8774291920661925
3,1500,1.8515251183509827
3,1550,1.926770305633545
3,1600,1.8724950933456421
3,1650,2.0266860628128054
3,1700,1.9082673954963685
3,1750,1.8971656250953675
3,1800,1.9366385519504548
3,1850,1.9218362021446227
3,1900,2.009416664838791
3,1950,1.929237368106842
3,2000,1.8798962712287903
3,2050,1.9058003544807434
3,2100,1.898399178981781
3,2150,1.9020997667312622
3,2200,1.902099757194519
3,2250,1.8527586483955383
3,2300,1.8946985769271851
3,2350,1.9933807897567748
3,2400,1.9144350385665894
3,2450,1.812052240371704
3,2500,1.945273220539093
3,2550,1.9329379463195802
3,2600,1.9341714668273926
3,2650,1.9206026816368102
3,2700,1.921836199760437
3,2750,1.914435019493103
3,2800,1.9995484471321106
3,2850,1.8379563319683074
3,2900,1.8848303627967835
3,2950,1.8761956596374512
3,3000,1.8983991575241088
3,3050,1.9230697298049926
3,3100,1.9020997643470765
3,3150,1.9650096583366394
3,3200,1.9255367922782898
3,3250,1.8354892611503602
4,50,1.9687102365493774
4,100,1.9366385316848755
4,150,1.8724950861930847
4,200,1.9674767231941224
4,250,1.972410831451416
4,300,1.9958478689193726
4,350,1.8712615704536437
4,400,1.8564592337608337
4,450,1.826854555606842
4,500,1.9181356287002564
4,550,1.8243875086307526
4,600,1.8909980106353759
4,650,1.8576927542686463
4,700,1.9132014989852906
4,750,1.9020997738838197
4,800,1.89346506357193
4,850,1.9156685757637024
4,900,1.9292373514175416
4,950,1.9736443495750426
4,1000,1.8737286162376403
4,1050,1.9292373657226562
4,1100,1.8367227768898011
4,1150,1.92923734664917
4,1200,1.878662724494934
4,1250,1.8589262890815734
4,1300,1.9304708909988404
4,1350,1.9230697202682494
4,1400,1.883596841096878
4,1450,2.004482560157776
4,1500,1.8761956691741943
4,1550,1.889764474630356
4,1600,1.9452732300758362
4,1650,1.8391898345947266
4,1700,1.926770303249359
4,1750,1.856459231376648
4,1800,1.9095009231567384
4,1850,1.8737286233901977
4,1900,1.9243032598495484
4,1950,1.987213156223297
4,2000,1.997081389427185
4,2050,1.8749621355533599
4,2100,1.9489738202095033
4,2150,1.9181356143951416
4,2200,1.952674388885498
4,2250,1.8996326994895936
4,2300,1.9255367851257323
4,2350,1.9144350266456605
4,2400,1.9995484399795531
4,2450,1.9193691420555115
4,2500,1.860159809589386
4,2550,1.9896802258491517
4,2600,1.8983991634845734
4,2650,1.98474609375
4,2700,1.9699437832832336
4,2750,1.9539079022407533
4,2800,1.9218362045288087
4,2850,1.9132015085220337
4,2900,1.898399169445038
4,2950,1.8108186960220336
4,3000,1.9600755500793456
4,3050,1.8959321284294128
4,3100,1.9822790503501893
4,3150,1.8502916026115417
4,3200,1.9181356048583984
4,3250,1.887297420501709
5,50,1.9625426280498504
5,100,1.956374967098236
5,150,1.9020997548103333
5,200,1.9600755262374878
5,250,1.9699437832832336
5,300,1.8724950885772704
5,350,1.818219861984253
5,400,1.893465073108673
5,450,1.8465910172462463
5,500,1.8971656560897827
5,550,1.8786627173423767
5,600,1.9304708957672119
5,650,1.9415726351737976
5,700,1.9033332943916321
5,750,1.9095009183883667
5,800,1.9193691432476043
5,850,1.9230697298049926
5,900,1.9847461211681365
5,950,1.9255367779731751
5,1000,1.8613933300971985
5,1050,1.8959321093559265
5,1100,1.8774292039871217
5,1150,1.902099757194519
5,1200,1.9193691468238832
5,1250,1.9230697274208068
5,1300,1.9748778867721557
5,1350,1.9193691420555115
5,1400,1.9588420224189758
5,1450,1.9070338559150697
5,1500,1.865093924999237
5,1550,1.8663274598121644
5,1600,1.9020997524261474
5,1650,1.9600755596160888
5,1700,1.9255367565155028
5,1750,1.8354892575740813
5,1800,1.8367227852344512
5,1850,1.9107344484329223
5,1900,2.011883723735809
5,1950,1.856459240913391
5,2000,1.9613091087341308
5,2050,1.947740273475647
5,2100,1.8996327018737793
5,2150,1.9465067601203918
5,2200,1.9563749897480012
5,2250,1.905800337791443
5,2300,1.9859796261787415
5,2350,1.8737286186218263
5,2400,2.0180513525009154
5,2450,1.9625426173210143
5,2500,1.9465067505836486
5,2550,1.9243032622337342
5,2600,1.9045668172836303
5,2650,1.9452732348442077
5,2700,1.8823633098602295
5,2750,1.93540500164032
5,2800,1.9181356191635133
5,2850,1.8897644793987274
5,2900,1.9317044258117675
5,2950,1.8860639023780823
5,3000,1.886063882112503
5,3050,1.860159819126129
5,3100,1.9785784649848939
5,3150,1.873728609085083
5,3200,1.8095851850509643
5,3250,1.9230697321891785
