1,50,14.63787959575653
1,100,9.21887311220169
1,150,4.717804753780365
1,200,4.512451553344727
1,250,5.2028947353363035
1,300,4.228025436401367
1,350,4.44177020072937
1,400,4.175515718460083
1,450,4.4742639851570125
1,500,4.461248664855957
1,550,5.047194600105286
1,600,4.55466670036316
1,650,4.4299568796157835
1,700,4.5432022452354435
1,750,4.949530766010285
1,800,4.617543468475342
1,850,4.554515619277954
1,900,4.28550819158554
1,950,4.044763903617859
1,1000,4.371598174571991
1,1050,3.822757878303528
1,1100,4.384454431533814
1,1150,4.0685173034667965
1,1200,4.485695590972901
1,1250,4.480262610912323
1,1300,4.110664265155792
1,1350,4.684394960403442
1,1400,4.438914213180542
1,1450,4.183154201507568
1,1500,3.79611403465271
1,1550,4.188739643096924
1,1600,4.827724890708923
1,1650,3.7134594535827636
1,1700,4.015370359420777
1,1750,4.8645358920097355
1,1800,3.8723291540145874
1,1850,4.848252091407776
1,1900,4.094779012203216
1,1950,4.658831024169922
1,2000,4.650573101043701
1,2050,4.288848195075989
1,2100,4.148544936180115
1,2150,4.3660079288482665
1,2200,4.045275568962097
1,2250,3.9649757099151612
1,2300,4.476620907783508
1,2350,4.377669715881348
1,2400,4.196445994377136
1,2450,4.539484169483185
1,2500,4.967655630111694
2,50,4.152555532455445
2,100,4.246406688690185
2,150,3.6646634578704833
2,200,4.289333996772766
2,250,3.7746527576446534
2,300,4.007482354640961
2,350,4.7761782050132755
2,400,3.92400417804718
2,450,4.370134274959565
2,500,3.8998955059051514
2,550,4.019359567165375
2,600,4.667602252960205
2,650,4.1040674138069155
2,700,4.450177330970764
2,750,4.111359481811523
2,800,4.134270048141479
2,850,4.328715987205506
2,900,4.123779406547547
2,950,4.745115041732788
2,1000,4.517178978919983
2,1050,4.273011906147003
2,1100,4.0762567973136905
2,1150,4.153508491516114
2,1200,4.609577326774597
2,1250,4.1750900220870975
2,1300,4.613203549385071
2,1350,4.155385642051697
2,1400,4.605711436271667
2,1450,4.183255133628845
2,1500,3.8378475666046143
2,1550,4.375661337375641
2,1600,4.705498642921448
2,1650,4.123332371711731
2,1700,4.435286848545075
2,1750,3.818604907989502
2,1800,4.260704169273376
2,1850,4.011945743560791
2,1900,4.432709245681763
2,1950,4.298995966911316
2,2000,4.26529491186142
2,2050,4.043948168754578
2,2100,4.955181579589844
2,2150,4.197973294258118
2,2200,4.504213306903839
2,2250,3.574368190765381
2,2300,4.217043828964234
2,2350,4.274285261631012
2,2400,4.783881955146789
2,2450,4.63085417509079
2,2500,3.94524692773819
3,50,4.143362679481506
3,100,4.359732003211975
3,150,4.347682859897613
3,200,3.9595084190368652
3,250,4.007082915306091
3,300,4.109022579193115
3,350,3.7484764075279235
3,400,4.400876507759095
3,450,3.7968879175186157
3,500,4.082933163642883
3,550,4.274647488594055
3,600,3.708184278011322
3,650,4.412247204780579
3,700,4.034398801326752
3,750,4.768760509490967
3,800,4.531027364730835
3,850,4.041377756595612
3,900,3.8957114481925963
3,950,4.382224493026733
3,1000,4.2272412300109865
3,1050,4.301533372402191
3,1100,4.355270569324493
3,1150,4.169877033233643
3,1200,4.017054042816162
3,1250,3.990098338127136
3,1300,4.043109209537506
3,1350,4.422776188850403
3,1400,4.240202207565307
3,1450,4.031365370750427
3,1500,4.122616982460022
3,1550,4.0469239974021916
3,1600,4.495064370632171
3,1650,3.8830668210983275
3,1700,3.9450689601898192
3,1750,4.730636868476868
3,1800,4.442006502151489
3,1850,4.1699540185928345
3,1900,4.156663825511933
3,1950,4.953312003612519
3,2000,3.9195387673377993
3,2050,4.137570395469665
3,2100,4.09692432641983
3,2150,4.32359673500061
3,2200,4.221508092880249
3,2250,3.6520892357826233
3,2300,4.028470230102539
3,2350,4.855839505195617
3,2400,4.139987003803253
3,2450,4.087061667442322
3,2500,3.9245820021629334
4,50,4.884823489189148
4,100,4.094708962440491
4,150,3.963941695690155
4,200,3.8340238976478576
4,250,3.842766981124878
4,300,4.375506219863891
4,350,3.967518446445465
4,400,3.910123703479767
4,450,3.810352656841278
4,500,4.535091240406036
4,550,3.901479799747467
4,600,3.9257237672805787
4,650,3.895644233226776
4,700,4.327075576782226
4,750,4.0771375226974484
4,800,4.107537114620209
4,850,3.977056918144226
4,900,3.8822967123985292
4,950,3.8021923017501833
4,1000,4.442879996299744
4,1050,4.510409917831421
4,1100,4.077395558357239
4,1150,4.056643161773682
4,1200,4.406074781417846
4,1250,4.371934361457825
4,1300,3.979508123397827
4,1350,3.8110481786727903
4,1400,3.916663885116577
4,1450,4.208233458995819
4,1500,3.7143079710006712
4,1550,4.199472885131836
4,1600,4.2499928331375125
4,1650,4.225188393592834
4,1700,3.786242489814758
4,1750,4.449954586029053
4,1800,3.9221888518333436
4,1850,4.241038007736206
4,1900,3.846922821998596
4,1950,4.045100708007812
4,2000,3.951532015800476
4,2050,4.596895413398743
4,2100,4.239196264743805
4,2150,4.639706490039825
4,2200,4.358412203788757
4,2250,4.23913010597229
4,2300,3.8369130086898804
4,2350,3.8528280210494996
4,2400,4.054735853672027
4,2450,3.9151059913635256
4,2500,4.365019540786744
5,50,4.360009942054749
5,100,3.9363887786865233
5,150,4.570768046379089
5,200,4.053115878105164
5,250,4.398029813766479
5,300,4.0704630804061885
5,350,3.9438963556289672
5,400,3.8801477265357973
5,450,3.343459746837616
5,500,4.0275187683105464
5,550,3.7598673248291017
5,600,3.9326122403144836
5,650,3.550843539237976
5,700,3.902344510555267
5,750,3.642235989570618
5,800,4.082324645519257
5,850,4.27608001947403
5,900,3.815168263912201
5,950,3.7465475034713744
5,1000,4.027605485916138
5,1050,3.9365128540992735
5,1100,4.221199133396149
5,1150,4.169271688461304
5,1200,4.061129696369171
5,1250,4.120887362957001
5,1300,4.202555797100067
5,1350,3.7360998797416687
5,1400,4.248905880451202
5,1450,3.796416611671448
5,1500,4.008717346191406
5,1550,3.9647351551055907
5,1600,4.037829344272613
5,1650,4.201908833980561
5,1700,4.23556699514389
5,1750,4.409053454399109
5,1800,4.578572545051575
5,1850,3.6100009942054747
5,1900,4.630091605186462
5,1950,4.135357341766357
5,2000,4.016400172710418
5,2050,3.9506761598587037
5,2100,3.8761754035949707
5,2150,3.976296362876892
5,2200,4.11800852060318
5,2250,4.025837824344635
5,2300,4.065596313476562
5,2350,3.9721244525909425
5,2400,4.304982988834381
5,2450,3.917591700553894
5,2500,4.217499487400055
