1,50,1.974596906900406
1,100,1.9045668292045592
1,150,1.7886152017116546
1,200,1.9249993991851806
1,250,1.9045668125152588
1,300,1.8490581023693085
1,350,1.9403391242027284
1,400,1.9243032586574556
1,450,1.9662432169914246
1,500,1.95884202003479
1,550,1.9070338654518126
1,600,1.9526743912696838
1,650,1.845348573923111
1,700,1.9716020822525024
1,750,1.8601598167419433
1,800,1.9514408612251282
1,850,1.863860410451889
1,900,1.8946985960006715
1,950,1.9489738130569458
1,1000,1.903333284854889
1,1050,1.8428904342651367
1,1100,1.830555145740509
1,1150,1.9909137535095214
1,1200,1.96500967502594
1,1250,1.839189839363098
1,1300,1.926770317554474
1,1350,1.9206026601791382
1,1400,1.900866231918335
1,1450,1.8823633098602295
1,1500,1.8909980106353759
1,1550,1.9045668077468871
1,1600,1.9576084876060487
1,1650,1.8404233646392822
1,1700,1.9169021034240723
1,1750,1.96007554769516
1,1800,1.9020997524261474
1,1850,1.9872131550312042
1,1900,1.882363302707672
1,1950,1.908267389535904
1,2000,1.804651062488556
1,2050,1.899632716178894
1,2100,1.8860638785362243
1,2150,1.9637761211395264
1,2200,1.8231539702415467
1,2250,1.9785784459114075
1,2300,1.932937934398651
1,2350,1.8786627328395844
1,2400,2.0020155119895935
1,2450,1.9378720593452454
1,2500,1.9613090789318084
1,2550,1.9711773133277892
1,2600,1.9896802258491517
1,2650,1.8811297869682313
1,2700,1.8996327066421508
1,2750,1.9329379463195802
1,2800,1.9637761545181274
1,2850,1.9477402877807617
1,2900,1.9502073311805725
1,2950,1.8848303699493407
1,3000,1.9008662223815918
1,3050,1.941572630405426
1,3100,1.9391055822372436
1,3150,1.9403391075134278
1,3200,1.963776135444641
1,3250,1.919369134902954
