1,50,1.8737286138534546
1,100,1.8465910077095031
1,150,1.981045515537262
1,200,1.8823632955551148
1,250,1.887297420501709
1,300,1.916902084350586
1,350,1.8983991730213166
1,400,1.9551414394378661
1,450,1.935405023097992
1,500,1.8798962450027465
1,550,1.9255367827415466
1,600,1.8724950981140136
1,650,1.9095009219646455
1,700,2.0279195642471315
1,750,1.8934650659561156
1,800,1.893465051651001
1,850,1.9082673978805542
1,900,1.8478245401382447
1,950,1.8811297798156739
1,1000,1.9403391122817992
1,1050,1.8650939273834228
1,1100,1.9341714811325073
1,1150,1.8872974157333373
1,1200,1.9526743865013123
1,1250,1.8465910100936889
1,1300,1.8700280392169952
1,1350,1.976111433506012
1,1400,1.9255367779731751
