1,50,7.485614337921143
1,100,5.375443754196167
1,150,6.255403509140015
1,200,4.845641880035401
1,250,5.415661416053772
1,300,5.855112633705139
1,350,5.315024104118347
1,400,5.109906907081604
1,450,5.048159523010254
1,500,5.323162803649902
1,550,5.129722471237183
1,600,4.9168660879135135
1,650,5.109706225395203
1,700,5.581628603935242
1,750,4.999204096794128
1,800,5.895999159812927
1,850,5.3866997861862185
1,900,5.0594128179550175
1,950,5.673961157798767
1,1000,5.383670411109924
1,1050,5.202914414405822
1,1100,5.223524770736694
1,1150,5.05423150062561
1,1200,5.4276200819015505
1,1250,5.249670476913452
1,1300,5.726223330497742
1,1350,4.700883407592773
1,1400,4.612136588096619
1,1450,5.124191112518311
1,1500,5.771790137290955
1,1550,5.174619960784912
1,1600,4.962449765205383
1,1650,5.765282120704651
1,1700,5.063138880729675
1,1750,5.065080080032349
1,1800,5.2007551193237305
1,1850,4.786068720817566
1,1900,5.320299639701843
1,1950,5.487651920318603
1,2000,4.69974467754364
1,2050,4.999035439491272
1,2100,5.364170889854432
1,2150,5.3116130352020265
1,2200,5.232837605476379
1,2250,4.885533628463745
1,2300,4.478001027107239
1,2350,5.474298725128174
1,2400,4.934664640426636
1,2450,5.389964156150818
1,2500,5.369991455078125
1,2550,6.026154112815857
1,2600,5.403117685317993
1,2650,5.01791072845459
1,2700,4.7742577028274535
1,2750,5.558063297271729
1,2800,4.958586544990539
1,2850,5.6380303716659546
1,2900,5.340924563407898
1,2950,5.46043936252594
1,3000,5.1888979625701905
1,3050,5.215610022544861
1,3100,4.639322590827942
1,3150,5.7197580909729
1,3200,5.188763875961303
1,50,10.784415292739869
1,100,5.775383548736572
1,150,5.406096754074096
1,200,5.360255870819092
