1,50,47.47733474731445
1,100,45.66911369323731
1,150,45.667608947753905
1,200,45.670994415283204
1,250,45.66008628845215
1,300,45.67099433898926
1,350,45.66422378540039
1,400,45.66948959350586
1,450,45.674003524780275
1,500,45.66760879516602
1,550,45.67061836242676
1,600,45.66497611999512
1,650,45.66460006713867
1,700,45.66271903991699
1,750,45.67437980651855
1,800,45.67701286315918
1,850,45.66798500061035
1,900,45.66384750366211
1,950,45.66648078918457
1,1000,45.670994415283204
1,1050,45.66873741149902
1,1100,45.67174644470215
1,1150,45.6762606048584
1,1200,45.67212303161621
1,1250,45.66234283447265
1,1300,45.67174674987793
1,1350,45.66986618041992
1,1400,45.67249900817871
1,1450,45.66948989868164
1,1500,45.65971008300781
1,1550,45.672875213623044
1,1600,45.67325134277344
1,1650,45.67475616455078
1,1700,45.67437950134277
1,1750,45.67212272644043
1,1800,45.670618286132814
1,1850,45.67889373779297
1,1900,45.6751318359375
1,1950,45.67212280273438
1,2000,45.66723289489746
1,2050,45.670994720458985
1,2100,45.67738861083984
1,2150,45.665728378295896
1,2200,45.67212280273438
1,2250,45.66948989868164
1,2300,45.67400360107422
1,2350,45.6683617401123
1,2400,45.66610420227051
1,2450,45.66572830200195
1,2500,45.67174690246582
1,2550,45.66497589111328
1,2600,45.66648086547852
1,2650,45.66347152709961
1,2700,45.67061836242676
1,2750,45.67137054443359
1,2800,45.67212272644043
2,50,46.58656616210938
2,100,45.6706184387207
2,150,45.66986587524414
2,200,45.66986610412598
2,250,45.66873733520508
2,300,45.66422386169434
2,350,45.67249931335449
2,400,45.670994415283204
2,450,45.66648056030274
2,500,45.65670082092285
2,550,45.66121437072754
2,600,45.66723266601562
2,650,45.67099403381348
2,700,45.66459976196289
2,750,45.67475578308105
2,800,45.66572853088379
2,850,45.66685691833496
2,900,45.66986610412598
2,950,45.67024230957031
2,1000,45.6721231842041
2,1050,45.674756088256835
2,1100,45.669113311767575
2,1150,45.67024223327637
2,1200,45.66798522949219
2,1250,45.663471450805666
2,1300,45.66986602783203
2,1350,45.67061805725098
2,1400,45.66572830200195
2,1450,45.675132217407224
2,1500,45.67137069702149
2,1550,45.67550796508789
2,1600,45.67325126647949
2,1650,45.67550796508789
2,1700,45.66422409057617
2,1750,45.67663673400879
2,1800,45.66685691833496
2,1850,45.674379653930664
2,1900,45.66723266601562
2,1950,45.66271942138672
2,2000,45.66986587524414
2,2050,45.6766365814209
2,2100,45.66610488891602
2,2150,45.66196708679199
2,2200,45.6785173034668
2,2250,45.67212310791015
2,2300,45.67550804138184
2,2350,45.67249946594238
2,2400,45.67438011169433
2,2450,45.66760887145996
2,2500,45.676260452270505
2,2550,45.671370315551755
2,2600,45.66648056030274
2,2650,45.672499084472655
2,2700,45.67099449157715
2,2750,45.664975814819336
2,2800,45.66648056030274
